Found 0x9341 LCD driver
annunciation is pressed

pulse computed
8.00 0.00 0.00 0.00 0.00 0.00 0.00 0.00
8.00
pulse computed
8.00 8.00 0.00 0.00 0.00 0.00 0.00 0.00
8.00
pulse computed
8.00 8.00 8.00 0.00 0.00 0.00 0.00 0.00
8.00

T021S100D048P059
pulse raw
59.00 0.00 0.00 0.00 0.00 0.00 0.00 0.00
59.00
pulse computed
8.00 8.00 8.00 185.00 0.00 0.00 0.00 0.00

185.00
pulse computed
8.00 8.00 8.00 185.00 185.00 0.00 0.00 0.00
185.00

pulse computed
8.00 8.00 8.00 185.00 185.00 185.00 0.00 0.00
185.00
T023S099D049P059

pulse raw
59.00 59.00 0.00 0.00 0.00 0.00 0.00 0.00
59.00
pulse computed
8.00 8.00 8.00 185.00 185.00 185.00 185.00 0.00
185.00
pulse computed
8.00 8.00 8.00 185.00 185.00 185.00 185.00 185.00
185.00
pulse computed
8.00 8.00 185.00 185.00 185.00 185.00 185.00 185.00
185.00
T022S102D047P029
pulse raw
59.00 59.00 29.00 0.00 0.00 0.00 0.00 0.00
29.00
pulse computed
8.00 185.00 185.00 185.00 185.00 185.00 185.00 95.00
95.00
pulse computed
185.00 185.00 185.00 185.00 185.00 185.00 95.00 95.00
95.00
pulse computed
185.00 185.00 185.00 185.00 185.00 95.00 95.00 95.00
95.00
T024S080D048P029
pulse raw
59.00 59.00 29.00 29.00 0.00 0.00 0.00 0.00
29.00
pulse computed

185.00 185.00 185.00 185.00 95.00 95.00 95.00 95.00
95.00
pulse computed

185.00 185.00 185.00 95.00 95.00 95.00 95.00 95.00
95.00
pulse computed
185.00 185.00 95.00 95.00 95.00 95.00 95.00 95.00
95.00
T023S079D046P029
pulse raw

59.00 59.00 29.00 29.00 29.00 0.00 0.00 0.00
29.00
pulse computed
185.00 95.00 95.00 95.00 95.00 95.00 95.00 95.00
95.00
pulse computed

95.00 95.00 95.00 95.00 95.00 95.00 95.00 95.00
95.00
pulse computed
95.00 95.00 95.00 95.00 95.00 95.00 95.00 95.00
95.00
T025S082D047P009
pulse raw
59.00 59.00 29.00 29.00 29.00 9.00 0.00 0.00
9.00

pulse computed
95.00 95.00 95.00 95.00 95.00 95.00 95.00 35.00
35.00
pulse computed
95.00 95.00 95.00 95.00 95.00 95.00 35.00 35.00

35.00
pulse computed
95.00 95.00 95.00 95.00 95.00 35.00 35.00 35.00
35.00
T024S081D045P009
pulse raw
59.00 59.00 29.00 29.00 29.00 9.00 9.00 0.00
9.00
pulse computed
95.00 95.00 95.00 95.00 35.00 35.00 35.00 35.00
35.00
pulse computed
95.00 95.00 95.00 35.00 35.00 35.00 35.00 35.00
35.00
pulse computed
95.00 95.00 35.00 35.00 35.00 35.00 35.00 35.00
35.00

T026S084D046P009
pulse raw
59.00 59.00 29.00 29.00 29.00 9.00 9.00 9.00

9.00
pulse computed
95.00 35.00 35.00 35.00 35.00 35.00 35.00 35.00
35.00
pulse computed

35.00 35.00 35.00 35.00 35.00 35.00 35.00 35.00
35.00
pulse computed

35.00 35.00 35.00 35.00 35.00 35.00 35.00 35.00
35.00
T025S083D044P009
pulse raw

59.00 29.00 29.00 29.00 9.00 9.00 9.00 9.00
9.00
pulse computed
35.00 35.00 35.00 35.00 35.00 35.00 35.00 35.00

35.00
pulse computed

35.00 35.00 35.00 35.00 35.00 35.00 35.00 35.00
35.00
pulse computed
35.00 35.00 35.00 35.00 35.00 35.00 35.00 35.00
35.00
T027SVT026S085D0
pulse raw
59.00 29.00 29.00 29.00 9.00 9.00 9.00 9.00
9.00
pulse computed

35.00 35.00 35.00 35.00 35.00 35.00 35.00 35.00
35.00
pulse computed
35.00 35.00 35.00 35.00 35.00 35.00 35.00 35.00
35.00
pulse computed
35.00 35.00 35.00 35.00 35.00 35.00 35.00 35.00
35.00
pulse computed
35.00 35.00 35.00 35.00 35.00 35.00 35.00 35.00
35.00
pulse computed
35.00 35.00 35.00 35.00 35.00 35.00 35.00 35.00
35.00
pulse computed
35.00 35.00 35.00 35.00 35.00 35.00 35.00 35.00

35.00
pulse computed
35.00 35.00 35.00 35.00 35.00 35.00 35.00 35.00
35.00

pulse computed
35.00 35.00 35.00 35.00 35.00 35.00 35.00 35.00
35.00
T028S088D044P049
pulse raw
29.00 29.00 29.00 9.00 9.00 9.00 9.00 49.00
49.00

pulse computed
35.00 35.00 35.00 35.00 35.00 35.00 35.00 155.00

155.00
pulse computed
35.00 35.00 35.00 35.00 35.00 35.00 155.00 155.00
155.00
T027S087D042P049
pulse raw
29.00 29.00 9.00 9.00 9.00 9.00 49.00 49.00
49.00
pulse computed

35.00 35.00 35.00 35.00 35.00 155.00 155.00 155.00
155.00
pulse computed
35.00 35.00 35.00 35.00 155.00 155.00 155.00 155.00

155.00
pulse computed
35.00 35.00 35.00 155.00 155.00 155.00 155.00 155.00
155.00
